DistAlong ZIDW
30.0 1.7799999713897705
32.0 1.6221132450366078
34.0 1.4299999475479128
42.0 1.2200000286102295
44.0 1.1179011420190572
46.0 1.0
50.0 1.2300000190734863
52.0 1.2300000190734863
54.0 1.0800000429153442
56.0 1.0800000429153442
62.0 1.399999976158142
64.0 1.1052538991167908
66.0 0.7799999713897705
70.0 0.6800000071525574
72.0 0.6800000071525574
74.0 0.6299999952316284
76.0 0.6299999952316284
78.0 0.5400000214576721
80.0 0.5400000214576721
82.0 0.43999999761581415
84.0 0.43999999761581415
90.0 0.3899999856948853
92.0 0.3899999856948853
94.0 0.3700000047683716
96.0 0.3700000047683716
98.0 0.33000001311302185
100.0 0.33000001311302185
102.0 0.2899999916553497
104.0 0.2899999916553497
110.0 0.23000000417232516
112.0 0.23000000417232516
114.0 0.239999994635582
116.0 0.239999994635582
120.0 0.25
122.0 0.26948100820668697
124.0 0.2899999916553497
130.0 0.18000000715255735
132.0 0.18000000715255735
134.0 0.17000000178813934
136.0 0.17000000178813934
140.0 0.17000000178813934
142.0 0.1260012933118801
144.0 0.07999999821186066
152.0 0.10999999940395357
154.0 0.13938327595050176
156.0 0.17000000178813934
160.0 0.1599999964237213
162.0 0.14038950028231156
164.0 0.119999997317791
168.0 0.10999999940395357
170.0 0.10999999940395357
172.0 0.059999998658895486
174.0 0.059999998658895486
180.0 -0.30000001192092896
182.0 -0.30000001192092896
184.0 -0.33000001311302185
186.0 -0.33000001311302185
188.0 -0.3899999856948853
190.0 -0.3899999856948853
192.0 -0.4000000059604645
194.0 -0.4000000059604645
200.0 -0.5400000214576721
202.0 -0.5400000214576721
204.0 -0.5899999737739563
206.0 -0.5899999737739563
208.0 -0.8199999928474426
210.0 -0.8199999928474426
212.0 -0.8999999761581421
214.0 -0.8999999761581421
220.0 -1.1599999666213991
222.0 -1.1599999666213991
224.0 -0.9499999880790709
226.0 -0.9499999880790709
228.0 -1.9199999570846555
230.0 -1.9199999570846555
232.0 -2.25
234.0 -2.25
240.0 -3.009999990463257
242.0 -3.009999990463257
244.0 -2.799999952316284
246.0 -2.799999952316284
250.0 -2.3499999046325684
252.0 -2.5277407733544743
254.0 -2.7100000381469727
260.0 -3.4600000381469727
262.0 -3.4600000381469727
270.0 -3.9500000476837163
272.0 -4.053780157909772
274.0 -4.1599998474121085
278.0 -4.360000133514403
280.0 -4.360000133514403
282.0 -4.329999923706056
284.0 -4.329999923706056
290.0 -4.349999904632568
292.0 -4.389567370790428
294.0 -4.429999828338623
298.0 -4.5
300.0 -4.5
302.0 -4.510000228881836
304.0 -4.510000228881836
310.0 -4.519999980926514
312.0 -4.519999980926514
314.0 -4.489999771118164
316.0 -4.489999771118164
318.0 -4.3400001525878915
320.0 -4.3400001525878915
322.0 -4.2100000381469735
324.0 -4.2100000381469735
330.0 -4.150000095367432
332.0 -4.150000095367432
334.0 -4.139999866485597
336.0 -4.139999866485597
338.0 -4.099999904632568
340.0 -4.099999904632568
342.0 -4.0900001525878915
344.0 -4.0900001525878915
350.0 -4.170000076293944
352.0 -4.170000076293944
354.0 -4.199999809265137
356.0 -4.199999809265137
360.0 -4.239999771118163
362.0 -4.249912591704873
364.0 -4.260000228881837
368.0 -4.329999923706056
370.0 -4.364701149122649
372.0 -4.400000095367432
380.0 -4.53000020980835
382.0 -4.569669085530838
384.0 -4.610000133514403
388.0 -4.71999979019165
390.0 -4.744797485059339
392.0 -4.769999980926514
400.0 -4.889999866485597
402.0 -4.914803451913094
404.0 -4.940000057220459
408.0 -5.099999904632568
410.0 -5.099999904632568
412.0 -5.139999866485597
414.0 -5.139999866485597
420.0 -5.260000228881836
422.0 -5.304663308842434
424.0 -5.349999904632568
428.0 -5.429999828338623
430.0 -5.429999828338623
432.0 -5.519999980926514
434.0 -5.519999980926514
440.0 -5.699999809265138
442.0 -5.699999809265138
444.0 -5.809999942779541
446.0 -5.809999942779541
448.0 -5.949999809265138
450.0 -5.949999809265138
452.0 -5.989999771118164
454.0 -5.989999771118164
458.0 -5.989999771118164
460.0 -6.064484141982782
462.0 -6.139999866485597
468.0 -6.320000171661378
470.0 -6.320000171661378
472.0 -6.369999885559082
474.0 -6.369999885559082
478.0 -6.4000000953674325
480.0 -6.404967044150674
482.0 -6.4099998474121085
490.0 -6.690000057220459
492.0 -6.739678567263406
494.0 -6.789999961853027
498.0 -7.0
500.0 -7.054652520214597
502.0 -7.110000133514403
510.0 -7.320000171661378
512.0 -7.334907420629399
514.0 -7.3499999046325675
518.0 -7.239999771118164
520.0 -7.239999771118164
522.0 -7.4000000953674325
524.0 -7.4000000953674325
530.0 -7.5
532.0 -7.5497029719742175
534.0 -7.5999999046325675
538.0 -7.749999999999999
540.0 -7.749999999999999
542.0 -7.880000114440918
544.0 -7.880000114440918
550.0 -7.739999771118164
552.0 -7.739999771118164
558.0 -7.320000171661378
560.0 -7.320000171661378
562.0 -7.3400001525878915
564.0 -7.3400001525878915
566.0 -7.940000057220459
568.0 -7.940000057220459
570.0 -8.479999542236326
572.0 -8.479999542236326
578.0 -8.75
580.0 -8.75
582.0 -8.829999923706055
584.0 -8.829999923706055
588.0 -9.09000015258789
590.0 -9.154651834888202
592.0 -9.220000267028807
598.0 -9.279999732971193
600.0 -9.279999732971193
602.0 -9.25
604.0 -9.25
608.0 -9.350000381469727
610.0 -9.374870459547477
612.0 -9.399999618530273
620.0 -9.460000038146973
622.0 -9.474923643001944
624.0 -9.489999771118164
628.0 -9.449999809265137
630.0 -9.514673877098122
632.0 -9.579999923706056
640.0 -9.770000457763672
642.0 -9.819753983793808
644.0 -9.869999885559082
648.0 -10.050000190734863
650.0 -10.050000190734863
652.0 -10.140000343322754
654.0 -10.140000343322754
656.0 -10.270000457763672
658.0 -10.270000457763672
660.0 -10.369999885559082
662.0 -10.369999885559082
668.0 -10.770000457763672
670.0 -10.770000457763672
672.0 -10.90999984741211
674.0 -10.90999984741211
676.0 -11.050000190734863
678.0 -11.050000190734863
680.0 -11.09000015258789
